00 0.01841 -29.0 0 920.625 0
03 4.76761 -26.0 2 920.625 0
02 3.16614 -24.0 3 920.625 0
02 3.16614 -23.5 896 920.625 0
00 0.00000 -29.5 909 920.625 0
03 4.76761 -26.5 943 920.625 0
02 3.14773 -24.0 1792 920.625 0
00 6.27091 -29.0 1834 920.625 0
03 4.65717 -26.5 1882 920.625 0
02 3.15386 -24.0 2685 920.625 0
00 0.04295 -31.0 2752 920.625 0
03 4.68785 -26.5 2815 920.625 0
02 3.10478 -23.5 3576 920.625 0
00 6.27705 -30.5 3666 920.625 0
03 4.62035 -26.5 3738 920.625 0
02 3.14159 -24.5 4454 920.625 0
00 6.25251 -30.5 4598 920.625 0
03 4.60194 -26.5 4670 920.625 0
02 3.14159 -23.5 5337 920.625 0
00 0.05522 -29.0 5522 920.625 0
03 4.40559 -26.0 5608 920.625 0
02 3.14773 -24.0 6212 920.625 0
00 6.19115 -31.0 6432 920.625 0
03 4.90260 -26.0 6541 920.625 0
02 3.14159 -24.5 7085 920.625 0
00 6.27705 -30.5 7346 920.625 0
03 4.88419 -26.0 7479 920.625 0
02 3.11091 -24.0 7955 920.625 0
00 6.22183 -31.0 8258 920.625 0
03 4.55285 -26.5 8405 920.625 0
02 3.14773 -23.5 8840 920.625 0
00 6.18501 -30.0 9190 920.625 0
03 4.60808 -26.5 9333 920.625 0
02 3.14773 -23.5 9736 920.625 0
03 4.44854 -32.0 20185 920.625 1
02 5.43029 -30.5 20187 920.625 1
00 0.28839 -33.0 20309 920.625 1
01 5.70641 -33.0 20348 920.625 1
03 4.49763 -31.0 21065 920.625 1
02 5.68800 -30.5 21142 920.625 1
03 4.77988 -31.0 21932 920.625 1
02 5.52847 -30.5 22095 920.625 1
03 4.79829 -30.5 22818 920.625 1
02 5.58369 -30.5 23046 920.625 1
03 4.81056 -31.5 23682 920.625 1
02 4.82284 -32.0 24013 920.625 1
03 4.12948 -31.0 24556 920.625 1
02 5.51619 -30.5 24955 920.625 1
03 4.54672 -31.5 25439 920.625 1
02 5.08054 -30.5 25946 920.625 1
03 4.29515 -32.0 26300 920.625 1
02 5.35666 -32.0 26893 920.625 1
03 5.08054 -31.0 27181 920.625 1
02 4.95783 -31.0 27844 920.625 1
03 4.93942 -30.5 28045 920.625 1
02 4.74307 -32.5 28823 920.625 1
03 5.14190 -31.0 28901 920.625 1
02 5.09282 -31.0 29765 920.625 1
03 4.35651 -31.5 29788 920.625 1
02 1.84078 -31.0 40349 920.625 2
02 2.32551 -31.0 41107 920.625 2
02 2.13530 -32.0 41859 920.625 2
02 1.81010 -32.5 42606 920.625 2
02 1.77942 -33.0 43348 920.625 2
02 1.66897 -32.5 44096 920.625 2
02 1.71192 -31.5 44839 920.625 2
02 1.98190 -33.0 45598 920.625 2
02 1.96350 -32.5 46354 920.625 2
02 1.49103 -31.5 47113 920.625 2
02 1.69965 -32.5 47872 920.625 2
02 1.87759 -31.5 48625 920.625 2
02 2.23961 -32.0 49367 920.625 2
02 1.78555 -33.0 50123 920.625 2
02 2.90229 -23.0 60529 920.625 0
03 4.36878 -27.5 60531 920.625 0
00 5.84140 -29.0 60534 920.625 0
02 2.91456 -23.0 61454 920.625 0
00 5.84753 -29.0 61503 920.625 0
03 4.46082 -27.0 61514 920.625 0
02 2.98206 -22.5 62358 920.625 0
00 5.41802 -31.0 62472 920.625 0
03 4.46082 -27.5 62483 920.625 0
02 2.95138 -22.5 63267 920.625 0
00 5.75550 -29.0 63419 920.625 0
03 4.30742 -27.0 63463 920.625 0
02 2.87775 -22.5 64185 920.625 0
00 5.89049 -29.0 64386 920.625 0
03 4.54058 -28.0 64435 920.625 0
02 2.92070 -23.0 65090 920.625 0
00 5.75550 -28.5 65337 920.625 0
03 4.39332 -27.0 65404 920.625 0
02 2.90843 -23.0 65996 920.625 0
00 5.89049 -29.5 66289 920.625 0
03 4.28901 -27.0 66385 920.625 0
02 2.82252 -23.0 66923 920.625 0
00 5.63891 -30.0 67252 920.625 0
03 4.40559 -27.5 67353 920.625 0
02 2.86548 -23.0 67816 920.625 0
00 5.93344 -29.5 68223 920.625 0
03 4.07425 -27.0 68328 920.625 0
02 2.87161 -23.0 68725 920.625 0
00 5.34439 -31.0 69183 920.625 0
03 4.19697 -27.0 69288 920.625 0
02 2.93297 -23.0 69633 920.625 0
00 5.83526 -29.0 70149 920.625 0
03 4.43627 -27.5 70264 920.625 0
02 5.28917 -31.0 80721 920.625 1
03 4.67557 -32.0 80733 920.625 1
03 4.74920 -33.0 81630 920.625 1
02 5.57142 -31.0 81689 920.625 1
03 4.77375 -32.0 82534 920.625 1
02 4.53445 -31.5 82665 920.625 1
03 4.60808 -32.5 83444 920.625 1
02 5.12963 -32.0 83682 920.625 1
03 4.54058 -32.5 84354 920.625 1
02 5.17258 -32.5 84662 920.625 1
03 4.46082 -33.0 85275 920.625 1
02 5.39348 -31.5 85651 920.625 1
03 4.74307 -31.5 86215 920.625 1
02 4.82897 -31.5 86656 920.625 1
03 4.92101 -32.0 87134 920.625 1
02 5.00691 -31.0 87643 920.625 1
03 5.20326 -32.5 88066 920.625 1
02 5.18486 -32.0 88624 920.625 1
03 4.62649 -32.5 89024 920.625 1
02 5.08054 -32.0 89619 920.625 1
03 4.78602 -31.5 90004 920.625 1
02 5.47324 -31.5 90594 920.625 1
02 1.48489 -33.0 100912 920.625 2
02 1.50330 -33.0 101763 920.625 2
02 1.67511 -32.5 102793 920.625 2
02 1.83464 -32.0 103818 920.625 2
02 1.81010 -32.0 104935 920.625 2
02 1.73647 -32.5 105844 920.625 2
02 1.70579 -32.0 106909 920.625 2
02 1.79783 -33.5 108271 920.625 2
02 1.50944 -34.0 109277 920.625 2
02 1.72419 -32.5 110097 920.625 2
03 4.13561 -28.5 121079 920.625 0
02 2.65685 -22.0 121081 920.625 0
00 5.64505 -29.0 121084 920.625 0
02 2.68753 -22.5 122028 920.625 0
00 5.16645 -30.5 122067 920.625 0
03 4.25219 -29.0 122097 920.625 0
02 2.50959 -23.5 122978 920.625 0
00 5.95185 -29.0 123043 920.625 0
03 4.43014 -29.0 123116 920.625 0
02 2.49732 -23.0 123918 920.625 0
00 5.52233 -30.0 124038 920.625 0
03 4.54058 -29.0 124130 920.625 0
02 2.64458 -22.5 124851 920.625 0
00 5.65732 -30.5 125031 920.625 0
03 4.21538 -29.0 125142 920.625 0
02 2.58936 -23.0 125779 920.625 0
00 5.36893 -30.0 126028 920.625 0
03 3.87790 -28.0 126162 920.625 0
02 2.60163 -22.5 126733 920.625 0
00 5.89662 -29.0 127022 920.625 0
03 4.17856 -29.0 127177 920.625 0
02 2.59550 -23.5 127686 920.625 0
00 5.93344 -29.0 128028 920.625 0
03 4.43014 -29.5 128195 920.625 0
02 2.64458 -23.0 128626 920.625 0
00 5.57755 -29.5 129018 920.625 0
03 3.73678 -28.5 129203 920.625 0
02 2.52186 -23.5 129582 920.625 0
00 5.68800 -30.5 130000 920.625 0
03 4.08039 -29.0 130214 920.625 0
02 2.51573 -23.0 130531 920.625 0
00 5.51006 -30.0 131003 920.625 0
02 5.25849 -32.0 141293 920.625 1
03 4.29515 -33.5 141294 920.625 1
02 4.91487 -31.0 142331 920.625 1
03 5.03146 -33.0 143286 920.625 1
02 5.36893 -31.5 143367 920.625 1
02 5.80458 -31.0 144404 920.625 1
02 4.61421 -32.0 145409 920.625 1
03 4.40559 -33.5 146289 920.625 1
02 5.10509 -31.0 146422 920.625 1
03 4.68785 -33.0 147298 920.625 1
02 4.88419 -31.5 147438 920.625 1
03 4.26447 -33.5 148271 920.625 1
02 4.77988 -32.0 148433 920.625 1
03 4.75534 -32.5 149244 920.625 1
02 5.49779 -31.0 149436 920.625 1
02 5.00078 -30.5 150442 920.625 1
02 1.84078 -34.5 161430 920.625 2
02 1.27014 -35.5 162286 920.625 2
02 2.12917 -35.0 163136 920.625 2
02 2.30097 -34.5 164003 920.625 2
02 2.08008 -35.0 164846 920.625 2
02 1.96350 -35.0 165700 920.625 2
02 1.28241 -34.5 166557 920.625 2
02 2.03713 -35.0 167423 920.625 2
02 1.72419 -35.5 168279 920.625 2
02 1.86532 -35.0 169125 920.625 2
02 1.81623 -35.0 169992 920.625 2
02 1.81010 -34.5 170855 920.625 2
03 3.92699 -30.0 181620 920.625 0
02 2.74276 -22.5 181621 920.625 0
00 5.71868 -30.0 181622 920.625 0
01 2.37460 -35.0 181624 920.625 0
02 2.73662 -23.0 182610 920.625 0
01 2.35006 -35.0 182630 920.625 0
00 5.27689 -30.5 182641 920.625 0
03 4.10493 -30.5 182666 920.625 0
02 2.81025 -23.0 183590 920.625 0
01 2.02485 -35.0 183634 920.625 0
00 5.51619 -30.0 183664 920.625 0
03 3.93313 -30.5 183737 920.625 0
02 2.67526 -23.0 184565 920.625 0
01 2.04940 -35.5 184640 920.625 0
00 5.76777 -30.0 184694 920.625 0
03 4.12948 -31.0 184777 920.625 0
02 2.67526 -23.5 185540 920.625 0
01 1.82237 -35.0 185655 920.625 0
00 5.79231 -30.0 185727 920.625 0
02 2.71208 -23.0 186521 920.625 0
01 2.01258 -35.0 186650 920.625 0
00 5.84753 -29.5 186769 920.625 0
03 3.98221 -31.0 186890 920.625 0
02 2.70594 -23.0 187489 920.625 0
01 2.11689 -35.0 187643 920.625 0
00 5.65119 -31.0 187790 920.625 0
03 4.15402 -31.5 187944 920.625 0
02 2.74889 -22.5 188459 920.625 0
01 2.65072 -34.5 188644 920.625 0
00 5.74322 -30.0 188825 920.625 0
03 4.03130 -31.5 189000 920.625 0
02 2.87161 -23.0 189419 920.625 0
01 2.50959 -35.0 189656 920.625 0
00 5.55301 -30.5 189870 920.625 0
03 4.16016 -31.0 190046 920.625 0
02 2.68753 -23.5 190387 920.625 0
01 2.00645 -35.0 190691 920.625 0
00 5.76163 -30.0 190891 920.625 0
03 4.01903 -31.0 191097 920.625 0
02 2.68753 -23.5 191349 920.625 0
02 4.68171 -34.0 201761 920.625 1
01 5.47324 -35.0 201762 920.625 1
00 0.23930 -35.5 202270 920.625 1
02 5.36893 -33.5 202803 920.625 1
01 5.71868 -34.5 202814 920.625 1
00 0.17794 -35.0 203278 920.625 1
02 4.84738 -33.5 203841 920.625 1
01 5.40575 -34.5 203857 920.625 1
00 0.24544 -36.5 204302 920.625 1
02 4.87806 -34.0 204874 920.625 1
01 5.66959 -34.5 204904 920.625 1
00 0.02454 -33.5 205577 920.625 1
02 5.43643 -34.0 205899 920.625 1
01 5.39961 -34.0 205962 920.625 1
02 5.55915 -34.0 206957 920.625 1
01 5.88435 -35.0 207038 920.625 1
02 5.09895 -33.5 208022 920.625 1
01 5.74936 -34.5 208081 920.625 1
00 0.00614 -35.5 208264 920.625 1
02 4.86579 -34.0 209058 920.625 1
01 5.48552 -35.0 209126 920.625 1
00 0.11045 -36.0 209269 920.625 1
02 4.58353 -33.5 210100 920.625 1
01 5.74322 -34.5 210167 920.625 1
00 0.22703 -35.0 210280 920.625 1
02 4.67557 -34.0 211133 920.625 1
01 5.74936 -35.0 211238 920.625 1
00 0.09204 -35.0 211308 920.625 1
02 1.84691 -35.5 221907 920.625 2
02 1.46649 -35.5 222805 920.625 2
02 6.16660 -35.5 223716 920.625 2
02 1.60761 -35.0 224620 920.625 2
02 1.72419 -35.5 225514 920.625 2
02 1.68124 -35.5 226406 920.625 2
02 2.26416 -35.5 227289 920.625 2
02 1.24559 -36.0 228174 920.625 2
02 2.03099 -36.0 229058 920.625 2
02 1.42967 -35.5 229947 920.625 2
02 1.76715 -36.5 230832 920.625 2
02 5.83526 -36.5 231728 920.625 2
03 3.89018 -30.5 242039 920.625 0
00 5.78004 -30.0 242041 920.625 0
02 2.71821 -23.5 242043 920.625 0
01 2.71208 -35.0 242051 920.625 0
02 2.88388 -22.5 243046 920.625 0
01 2.25802 -36.0 243072 920.625 0
00 5.74936 -30.0 243083 920.625 0
03 3.93313 -31.5 243136 920.625 0
02 2.75503 -24.0 244044 920.625 0
01 2.18439 -35.0 244098 920.625 0
00 5.71254 -30.0 244119 920.625 0
03 4.00062 -32.0 244210 920.625 0
02 2.80412 -23.0 245054 920.625 0
01 2.33779 -35.5 245131 920.625 0
00 5.55301 -30.5 245171 920.625 0
03 3.90245 -31.5 245281 920.625 0
02 2.76117 -23.0 246054 920.625 0
01 2.65072 -35.0 246145 920.625 0
00 5.36893 -30.5 246236 920.625 0
03 4.01289 -31.5 246351 920.625 0
02 2.79185 -23.0 247060 920.625 0
01 2.20893 -34.5 247160 920.625 0
00 5.57755 -30.0 247299 920.625 0
03 4.00676 -30.5 247424 920.625 0
02 2.82866 -23.0 248069 920.625 0
01 2.22120 -35.0 248193 920.625 0
00 5.31985 -30.5 248350 920.625 0
03 4.09880 -31.0 248507 920.625 0
02 2.74276 -23.0 249073 920.625 0
01 2.71208 -34.5 249234 920.625 0
00 5.55301 -30.5 249406 920.625 0
03 4.00062 -31.5 249577 920.625 0
02 2.80412 -23.0 250077 920.625 0
01 2.42983 -35.5 250281 920.625 0
00 5.68800 -30.5 250458 920.625 0
03 3.97608 -31.5 250648 920.625 0
02 2.77957 -23.0 251073 920.625 0
01 2.52186 -35.5 251311 920.625 0
00 5.79231 -30.5 251519 920.625 0
03 3.88404 -31.5 251709 920.625 0
02 5.09282 -33.5 262253 920.625 1
01 5.81072 -34.5 262264 920.625 1
02 5.14804 -34.0 263313 920.625 1
01 5.28917 -35.0 263345 920.625 1
00 6.20955 -37.0 264280 920.625 1
02 4.60194 -34.0 264391 920.625 1
01 5.92730 -33.0 264430 920.625 1
02 5.28917 -34.0 265459 920.625 1
01 5.39961 -35.0 265516 920.625 1
02 4.80443 -34.0 266521 920.625 1
01 5.62664 -35.5 266593 920.625 1
00 6.09911 -36.5 267276 920.625 1
02 5.00691 -33.5 267584 920.625 1
01 5.74322 -34.5 267652 920.625 1
00 6.01934 -35.5 268315 920.625 1
02 5.03759 -34.0 268670 920.625 1
01 5.39348 -35.5 268730 920.625 1
02 4.73080 -34.0 269729 920.625 1
01 5.22167 -35.5 269806 920.625 1
02 4.95169 -34.0 270794 920.625 1
01 5.76777 -34.0 270876 920.625 1
02 5.30144 -33.5 271864 920.625 1
01 5.63891 -35.5 271955 920.625 1
02 1.38672 -36.5 282380 920.625 2
02 1.06151 -36.0 283306 920.625 2
02 1.39285 -36.0 284230 920.625 2
02 1.82237 -35.5 285159 920.625 2
02 1.68124 -35.5 286093 920.625 2
02 2.17825 -35.5 287016 920.625 2
02 1.93895 -36.0 287936 920.625 2
02 1.52784 -36.0 288862 920.625 2
02 2.22734 -35.5 289798 920.625 2
02 1.61375 -35.5 290769 920.625 2
02 1.81010 -36.0 291706 920.625 2
03 3.93926 -32.0 302519 920.625 0
02 2.68753 -23.5 302522 920.625 0
00 5.55915 -30.5 302523 920.625 0
01 2.42983 -34.0 302525 920.625 0
02 2.71208 -23.0 303558 920.625 0
01 2.32551 -35.0 303583 920.625 0
00 5.57755 -30.5 303608 920.625 0
03 3.89631 -31.5 303624 920.625 0
02 2.69981 -23.0 304584 920.625 0
01 2.25802 -34.5 304640 920.625 0
00 5.55915 -30.0 304693 920.625 0
03 4.25833 -31.5 304718 920.625 0
02 2.71208 -23.5 305629 920.625 0
01 2.73049 -33.5 305718 920.625 0
00 5.47938 -30.0 305780 920.625 0
03 4.09880 -31.5 305820 920.625 0
02 2.69367 -24.0 306645 920.625 0
01 2.30711 -34.5 306784 920.625 0
00 5.61437 -30.0 306866 920.625 0
03 3.94540 -30.5 306933 920.625 0
02 2.73049 -23.0 307669 920.625 0
01 2.29484 -34.5 307848 920.625 0
00 5.67573 -29.5 307958 920.625 0
03 4.25219 -31.5 308030 920.625 0
02 2.80412 -23.5 308703 920.625 0
01 2.04326 -35.0 308930 920.625 0
00 5.51619 -29.5 309016 920.625 0
03 3.90858 -31.5 309121 920.625 0
02 2.68140 -23.5 309735 920.625 0
01 2.12917 -34.0 309983 920.625 0
00 5.28303 -30.5 310125 920.625 0
03 4.28901 -31.5 310207 920.625 0
02 2.69367 -23.5 310774 920.625 0
01 2.22734 -34.5 311065 920.625 0
00 5.58983 -30.5 311212 920.625 0
03 4.19084 -31.5 311308 920.625 0
02 2.79185 -24.0 311814 920.625 0
01 2.61390 -33.0 312124 920.625 0
00 5.18486 -31.0 312291 920.625 0
03 4.04357 -31.5 312429 920.625 0
01 5.13577 -32.0 322651 920.625 1
02 5.09282 -32.5 322653 920.625 1
02 4.56513 -32.5 323736 920.625 1
01 5.33212 -33.0 323755 920.625 1
02 4.84124 -33.5 324833 920.625 1
01 5.10509 -34.0 324881 920.625 1
02 4.66330 -32.5 325906 920.625 1
01 5.43643 -32.0 325986 920.625 1
02 4.69398 -32.5 327002 920.625 1
01 5.49165 -32.5 327073 920.625 1
02 4.76761 -33.5 328086 920.625 1
01 4.98237 -34.0 328185 920.625 1
02 4.64489 -33.5 329168 920.625 1
01 5.35052 -34.0 329286 920.625 1
02 4.16629 -32.5 330248 920.625 1
01 5.30144 -32.5 330384 920.625 1
02 4.42400 -32.5 331350 920.625 1
01 5.06827 -33.0 331486 920.625 1
02 5.11736 -32.5 332453 920.625 1
01 5.07441 -34.0 332588 920.625 1
00 5.33212 -30.5 362909 920.625 0
02 2.73049 -23.5 362911 920.625 0
03 4.32583 -31.5 362913 920.625 0
02 2.73662 -24.0 363970 920.625 0
00 5.12350 -30.5 364040 920.625 0
03 3.88404 -31.5 364048 920.625 0
02 2.74276 -23.5 365030 920.625 0
00 4.92715 -30.0 365139 920.625 0
03 4.47309 -32.0 365174 920.625 0
02 2.65685 -23.0 366082 920.625 0
00 5.21553 -30.5 366238 920.625 0
03 4.06198 -31.5 366291 920.625 0
02 2.54027 -23.5 367139 920.625 0
00 5.48552 -30.5 367344 920.625 0
03 4.15402 -31.5 367411 920.625 0
02 2.57095 -24.5 368191 920.625 0
00 5.05600 -30.5 368443 920.625 0
03 3.81654 -30.5 368546 920.625 0
02 2.54027 -24.5 369235 920.625 0
00 4.92101 -30.5 369544 920.625 0
03 4.11107 -30.5 369691 920.625 0
01 2.31324 -32.0 370276 920.625 0
02 2.57095 -24.0 370287 920.625 0
00 5.25235 -30.5 370646 920.625 0
03 4.50377 -31.5 370832 920.625 0
02 2.73049 -24.0 371342 920.625 0
00 5.08668 -30.5 371760 920.625 0
03 4.01903 -31.0 371966 920.625 0
02 2.69367 -23.5 372408 920.625 0
00 5.49165 -30.0 372867 920.625 0
02 4.51604 -32.0 383074 920.625 1
01 5.13577 -30.5 383075 920.625 1
02 4.34423 -31.5 384167 920.625 1
01 4.65103 -32.0 384190 920.625 1
02 4.63262 -32.0 385271 920.625 1
01 5.11122 -31.0 385327 920.625 1
02 4.49763 -31.5 386376 920.625 1
01 5.06214 -31.5 386437 920.625 1
02 4.77988 -31.5 387476 920.625 1
01 5.38734 -32.0 387547 920.625 1
02 4.46082 -31.5 388574 920.625 1
01 4.86579 -32.0 388660 920.625 1
02 4.49763 -31.0 389686 920.625 1
01 4.64489 -33.0 389769 920.625 1
02 4.12948 -31.5 390816 920.625 1
01 4.95783 -32.0 390873 920.625 1
02 4.60808 -31.5 391908 920.625 1
01 5.00078 -32.0 392028 920.625 1
02 4.62649 -31.5 393042 920.625 1
02 2.52186 -24.0 423359 920.625 0
00 5.18486 -30.0 423367 920.625 0
03 4.20924 -31.0 423370 920.625 0
02 2.72435 -23.5 424460 920.625 0
00 5.60210 -29.5 424484 920.625 0
03 4.85352 -32.0 424515 920.625 0
02 2.62618 -23.0 425526 920.625 0
00 5.35666 -29.5 425600 920.625 0
03 4.28901 -31.5 425674 920.625 0
02 2.58936 -24.0 426591 920.625 0
00 5.28917 -30.5 426728 920.625 0
03 3.95153 -30.5 426843 920.625 0
02 2.57709 -24.0 427663 920.625 0
00 5.46097 -30.0 427844 920.625 0
03 4.52218 -31.5 428017 920.625 0
02 2.62618 -23.5 428738 920.625 0
00 5.22167 -30.5 428976 920.625 0
03 4.25219 -31.5 429157 920.625 0
02 2.49118 -24.0 429805 920.625 0
00 5.06827 -30.5 430086 920.625 0
03 4.87806 -31.0 430320 920.625 0
02 2.62618 -23.5 430873 920.625 0
00 5.06214 -30.5 431213 920.625 0
03 3.82268 -31.0 431483 920.625 0
02 2.62004 -24.5 431950 920.625 0
00 4.98237 -30.0 432337 920.625 0
03 4.35037 -31.0 432664 920.625 0
02 2.65072 -23.5 433016 920.625 0
01 4.86579 -31.5 443539 920.625 1
02 3.93313 -30.5 443571 920.625 1
01 4.39332 -31.0 444671 920.625 1
02 4.47309 -31.5 444689 920.625 1
01 5.39348 -31.5 445807 920.625 1
02 4.54058 -30.5 445819 920.625 1
02 4.54058 -31.5 446947 920.625 1
01 4.56513 -31.0 446949 920.625 1
01 4.86579 -30.5 448089 920.625 1
02 4.23992 -31.5 448098 920.625 1
01 4.97010 -31.0 449231 920.625 1
02 5.06827 -31.0 450371 920.625 1
01 4.76761 -30.5 450419 920.625 1
02 4.38719 -31.5 451553 920.625 1
01 5.34439 -31.5 451588 920.625 1
01 4.63262 -31.0 452751 920.625 1
02 4.82284 -31.5 452779 920.625 1
02 2.57709 -23.5 483839 920.625 0
00 5.62051 -29.5 483849 920.625 0
03 4.43014 -32.0 483862 920.625 0
01 2.07394 -33.5 484277 920.625 0
02 2.77344 -23.5 484928 920.625 0
00 4.76148 -31.0 484991 920.625 0
03 4.62649 -31.5 485124 920.625 0
02 2.54027 -24.0 486018 920.625 0
00 4.67557 -30.5 486149 920.625 0
03 4.48536 -32.0 486296 920.625 0
02 2.66913 -23.5 487116 920.625 0
01 2.09235 -31.5 487277 920.625 0
00 5.15418 -30.5 487283 920.625 0
02 2.58936 -24.0 488194 920.625 0
00 5.30757 -30.5 488423 920.625 0
03 4.54058 -32.0 488743 920.625 0
02 2.68140 -24.0 489291 920.625 0
00 4.78602 -29.5 489560 920.625 0
02 2.55254 -24.5 490377 920.625 0
00 5.60210 -29.5 490729 920.625 0
02 2.58322 -23.5 491470 920.625 0
00 5.30144 -31.0 491867 920.625 0
02 2.65685 -23.0 492567 920.625 0
01 2.28870 -32.0 492987 920.625 0
00 5.49165 -29.5 493014 920.625 0
02 2.55254 -24.5 493661 920.625 0
01 5.01305 -31.0 503984 920.625 1
02 4.35651 -31.5 504260 920.625 1
01 4.63262 -31.0 505141 920.625 1
02 3.83495 -30.5 505441 920.625 1
01 4.79216 -30.5 506298 920.625 1
01 4.62649 -30.0 507431 920.625 1
02 4.76761 -32.0 508191 920.625 1
01 5.03759 -31.0 508606 920.625 1
02 4.70012 -31.0 509681 920.625 1
01 4.82897 -31.5 509831 920.625 1
02 4.36264 -32.0 510819 920.625 1
01 4.93942 -31.0 510988 920.625 1
01 4.66944 -30.0 512203 920.625 1
02 4.53445 -31.5 512232 920.625 1
01 4.55285 -30.0 513354 920.625 1
02 4.38105 -31.5 513509 920.625 1
02 2.50346 -23.5 544350 920.625 0
00 5.35052 -30.0 544356 920.625 0
01 2.44210 -30.5 544460 920.625 0
02 2.61390 -23.0 545465 920.625 0
00 5.07441 -30.5 545516 920.625 0
01 2.52186 -30.5 545745 920.625 0
02 2.57709 -23.5 546580 920.625 0
01 2.36847 -30.0 546947 920.625 0
03 4.27674 -32.0 547273 920.625 0
02 2.69367 -23.5 547695 920.625 0
00 5.46097 -29.5 547835 920.625 0
01 2.19666 -29.5 548230 920.625 0
02 2.58322 -23.5 548810 920.625 0
00 4.51604 -30.5 548995 920.625 0
01 2.55254 -29.0 549450 920.625 0
02 2.60163 -23.0 549915 920.625 0
00 5.51619 -30.0 550145 920.625 0
03 4.18470 -32.0 550276 920.625 0
01 2.40528 -30.0 550687 920.625 0
02 2.60163 -23.0 551023 920.625 0
00 4.66944 -30.5 551331 920.625 0
01 2.14144 -30.5 551815 920.625 0
02 2.66299 -23.0 552134 920.625 0
00 4.91487 -30.0 552513 920.625 0
01 2.12917 -31.5 552986 920.625 0
02 2.75503 -23.0 553230 920.625 0
03 4.95169 -31.5 553284 920.625 0
00 5.06214 -31.0 553673 920.625 0
01 2.22734 -30.0 554165 920.625 0
02 2.41755 -24.0 554340 920.625 0
01 4.76761 -30.5 564533 920.625 1
01 4.60808 -30.5 568152 920.625 1
02 4.36878 -31.5 568771 920.625 1
01 4.71239 -31.5 569453 920.625 1
01 4.83511 -31.0 570721 920.625 1
02 5.17872 -31.0 571272 920.625 1
01 4.95783 -32.0 571896 920.625 1
01 4.47922 -31.0 573253 920.625 1
02 2.55868 -24.5 604810 920.625 0
01 2.26416 -30.0 604852 920.625 0
00 5.14804 -30.5 604872 920.625 0
02 2.59550 -23.5 605940 920.625 0
01 2.26416 -30.5 606008 920.625 0
02 2.64458 -23.0 607058 920.625 0
01 2.22120 -30.5 607165 920.625 0
00 4.58967 -30.5 607465 920.625 0
02 2.61390 -22.5 608173 920.625 0
01 2.17212 -31.0 608288 920.625 0
00 4.34423 -31.0 608636 920.625 0
02 2.73662 -23.0 609292 920.625 0
01 2.19666 -30.5 609427 920.625 0
00 5.20940 -30.5 609922 920.625 0
02 2.50959 -23.5 610406 920.625 0
01 2.55868 -28.5 610565 920.625 0
00 5.33825 -30.0 611167 920.625 0
02 2.52800 -24.5 611545 920.625 0
01 2.55254 -28.5 611699 920.625 0
03 4.17243 -33.0 612285 920.625 0
00 2.85320 -30.5 612337 920.625 0
02 2.76730 -23.0 612677 920.625 0
01 2.30711 -29.5 612849 920.625 0
00 4.90260 -31.0 613544 920.625 0
02 2.55868 -24.5 613805 920.625 0
01 2.50959 -28.5 613989 920.625 0
00 5.09282 -30.0 614725 920.625 0
01 4.04357 -32.0 628261 920.625 1
01 4.72466 -31.5 629778 920.625 1
02 4.29515 -32.0 633288 920.625 1
02 2.49118 -23.5 665230 920.625 0
01 2.31324 -28.0 665239 920.625 0
00 4.20924 -32.5 666276 920.625 0
02 2.57709 -23.5 666380 920.625 0
01 2.39915 -28.5 666385 920.625 0
02 2.52800 -24.5 667526 920.625 0
01 2.41142 -29.5 667545 920.625 0
02 2.62618 -23.5 668666 920.625 0
01 2.74276 -28.5 668721 920.625 0
00 5.08054 -30.5 669304 920.625 0
02 2.56482 -23.5 669815 920.625 0
01 2.12917 -29.0 669898 920.625 0
02 2.69367 -22.5 670956 920.625 0
02 2.53414 -23.5 672099 920.625 0
02 2.59550 -24.0 673240 920.625 0
01 2.20893 -30.0 673380 920.625 0
00 4.99464 -31.5 674280 920.625 0
02 2.58936 -23.5 674396 920.625 0
01 2.23961 -28.5 674558 920.625 0
01 3.88404 -32.0 686284 920.625 1
02 2.55868 -23.5 725690 920.625 0
01 2.65685 -27.5 725692 920.625 0
02 2.55868 -23.5 726852 920.625 0
01 2.20280 -28.5 726859 920.625 0
02 2.58936 -23.5 727997 920.625 0
01 2.40528 -30.0 728020 920.625 0
02 2.61390 -23.5 729142 920.625 0
01 2.04326 -30.0 729191 920.625 0
02 2.63845 -24.0 730299 920.625 0
01 2.50346 -28.0 730343 920.625 0
02 2.71208 -23.0 731458 920.625 0
01 2.21507 -27.5 731530 920.625 0
02 2.57095 -22.5 732609 920.625 0
01 2.17825 -29.0 732684 920.625 0
02 2.53414 -23.5 733761 920.625 0
01 2.38074 -29.0 733846 920.625 0
02 2.63231 -22.0 734904 920.625 0
01 2.50346 -28.5 735014 920.625 0
02 2.46051 -23.0 786110 920.625 0
01 1.77328 -28.5 786112 920.625 0
02 2.60163 -22.5 787281 920.625 0
01 2.19666 -28.0 787282 920.625 0
02 2.65072 -22.5 788450 920.625 0
01 2.37460 -28.5 788451 920.625 0
02 2.57095 -23.5 789617 920.625 0
01 2.20280 -28.5 789625 920.625 0
02 2.50346 -23.5 790778 920.625 0
01 2.22734 -29.0 790792 920.625 0
02 2.65072 -22.0 791944 920.625 0
01 1.90827 -29.5 791960 920.625 0
02 2.43596 -23.5 793098 920.625 0
01 2.07394 -28.5 793114 920.625 0
02 2.58322 -22.5 794271 920.625 0
01 1.85305 -29.5 794297 920.625 0
02 2.49732 -22.0 795428 920.625 0
01 2.22734 -28.5 795460 920.625 0
01 2.11076 -28.0 846550 920.625 0
02 2.43596 -22.5 846551 920.625 0
01 2.15984 -28.5 847730 920.625 0
02 2.41142 -23.5 847736 920.625 0
01 2.15984 -27.5 848918 920.625 0
02 2.58322 -22.0 848924 920.625 0
02 2.42983 -23.5 850098 920.625 0
01 2.42369 -28.0 850109 920.625 0
02 2.57709 -22.5 851275 920.625 0
01 2.14757 -28.0 851291 920.625 0
02 2.49732 -23.5 852452 920.625 0
01 2.00031 -28.5 852473 920.625 0
02 2.26416 -23.5 853627 920.625 0
01 2.42983 -28.0 853656 920.625 0
02 2.63231 -22.5 854804 920.625 0
01 2.09235 -28.0 854863 920.625 0
02 2.54641 -23.0 855984 920.625 0
01 1.81010 -28.0 856048 920.625 0
02 2.43596 -23.0 907070 920.625 0
01 1.92054 -28.0 907071 920.625 0
02 2.33779 -24.0 908261 920.625 0
01 2.18439 -28.5 908267 920.625 0
02 2.69367 -22.5 909435 920.625 0
01 2.17212 -27.5 909455 920.625 0
02 2.73049 -22.5 910607 920.625 0
01 2.06781 -28.5 910670 920.625 0
02 2.41755 -23.0 911805 920.625 0
01 2.43596 -27.0 911858 920.625 0
02 2.41755 -23.0 913005 920.625 0
01 2.31938 -27.5 913054 920.625 0
02 2.52186 -23.0 914186 920.625 0
01 2.18439 -28.0 914259 920.625 0
02 2.44823 -23.5 915375 920.625 0
01 2.01258 -27.5 915452 920.625 0
02 2.43596 -23.5 916559 920.625 0
01 2.00031 -28.0 916666 920.625 0
02 2.49118 -22.0 967560 920.625 0
01 1.55239 -28.0 967561 920.625 0
02 2.46051 -23.0 968766 920.625 0
01 1.75487 -28.0 968768 920.625 0
02 2.47891 -22.0 969955 920.625 0
01 2.03099 -27.5 969966 920.625 0
01 2.23348 -27.0 971164 920.625 0
02 2.60163 -22.0 971170 920.625 0
01 1.68124 -27.5 972378 920.625 0
02 2.51573 -22.5 972389 920.625 0
01 2.09235 -27.5 973575 920.625 0
02 2.35006 -23.5 973586 920.625 0
02 2.44210 -23.0 974774 920.625 0
01 1.69351 -27.5 974790 920.625 0
02 2.41755 -23.0 975973 920.625 0
01 2.04326 -27.5 975989 920.625 0
02 2.45437 -24.0 977169 920.625 0
01 2.39915 -27.5 977190 920.625 0
02 2.14144 -30.5 1017756 920.625 2
02 2.57709 -22.0 1028061 920.625 0
01 2.29484 -27.0 1028062 920.625 0
01 1.83464 -28.0 1029268 920.625 0
02 2.57095 -21.5 1029284 920.625 0
01 2.39915 -27.0 1030482 920.625 0
02 2.61390 -22.5 1030502 920.625 0
01 1.74260 -27.5 1031704 920.625 0
02 2.31324 -23.5 1031725 920.625 0
01 2.25802 -27.5 1032909 920.625 0
02 2.45437 -22.0 1032950 920.625 0
01 1.73033 -27.5 1034115 920.625 0
02 2.36847 -23.5 1034154 920.625 0
01 1.66284 -27.5 1035323 920.625 0
02 2.42983 -23.5 1035357 920.625 0
01 1.87146 -27.5 1036523 920.625 0
02 2.52186 -22.0 1036581 920.625 0
01 1.83464 -28.0 1037729 920.625 0
02 2.46664 -22.0 1037791 920.625 0
02 2.14757 -23.0 1088610 920.625 0
01 1.61375 -27.5 1088614 920.625 0
02 2.57709 -22.0 1089841 920.625 0
01 1.52171 -27.5 1089876 920.625 0
02 2.39915 -22.5 1091073 920.625 0
01 2.21507 -27.0 1091098 920.625 0
02 2.37460 -23.5 1092292 920.625 0
01 1.47876 -27.5 1092321 920.625 0
02 2.46051 -22.0 1093508 920.625 0
01 1.63829 -27.0 1093543 920.625 0
02 2.43596 -23.0 1094730 920.625 0
01 1.66897 -27.0 1094765 920.625 0
02 2.35619 -23.5 1095953 920.625 0
01 1.80396 -27.5 1095997 920.625 0
02 2.49118 -22.0 1097189 920.625 0
01 1.56466 -28.0 1097233 920.625 0
02 2.33165 -23.0 1098402 920.625 0
01 2.23348 -27.0 1098469 920.625 0
02 2.40528 -29.0 1130275 920.625 2
02 1.92054 -30.0 1133293 920.625 2
02 2.18439 -29.5 1135302 920.625 2
02 2.00031 -29.5 1137042 920.625 2
02 2.12303 -30.0 1138321 920.625 2
02 2.38687 -22.5 1149129 920.625 0
01 1.58920 -27.0 1149131 920.625 0
02 2.47891 -22.0 1150346 920.625 0
01 1.77942 -27.0 1150362 920.625 0
02 2.41142 -22.5 1151582 920.625 0
01 1.52171 -27.0 1151602 920.625 0
02 2.47891 -22.0 1152811 920.625 0
01 1.70579 -27.0 1152822 920.625 0
02 2.40528 -22.0 1154019 920.625 0
01 1.51557 -27.0 1154034 920.625 0
02 2.19052 -23.5 1155246 920.625 0
01 1.46649 -28.5 1155280 920.625 0
02 2.39301 -22.5 1156473 920.625 0
01 1.59534 -27.0 1156503 920.625 0
02 2.57709 -22.5 1157705 920.625 0
01 1.92668 -27.0 1157717 920.625 0
02 2.42369 -22.0 1158945 920.625 0
01 1.77942 -27.5 1158952 920.625 0
02 2.04326 -29.5 1194924 920.625 2
02 2.26416 -22.5 1209620 920.625 0
01 2.12303 -26.5 1209621 920.625 0
02 2.21507 -23.5 1210861 920.625 0
01 1.30695 -27.5 1210868 920.625 0
01 1.66284 -27.0 1212102 920.625 0
02 2.59550 -21.5 1212113 920.625 0
01 1.75487 -27.5 1213328 920.625 0
02 2.58936 -21.5 1213349 920.625 0
01 1.74874 -26.5 1214567 920.625 0
02 2.21507 -23.5 1214601 920.625 0
01 1.87146 -26.5 1215794 920.625 0
02 2.42983 -22.0 1215837 920.625 0
01 1.37445 -27.0 1217039 920.625 0
02 2.33165 -23.0 1217078 920.625 0
01 1.63216 -27.5 1218295 920.625 0
02 2.16598 -23.0 1218335 920.625 0
01 1.49103 -26.5 1219526 920.625 0
02 2.44210 -22.0 1219575 920.625 0
02 2.03713 -30.5 1255291 920.625 2
02 2.15984 -28.0 1259339 920.625 2
02 2.52800 -22.0 1270110 920.625 0
01 2.02485 -26.5 1270111 920.625 0
02 2.42983 -22.0 1271366 920.625 0
01 1.72419 -27.0 1271377 920.625 0
02 2.17825 -22.0 1272620 920.625 0
01 1.61988 -27.0 1272627 920.625 0
02 2.29484 -23.0 1273872 920.625 0
01 1.85305 -27.0 1273878 920.625 0
02 2.15984 -23.0 1275119 920.625 0
01 1.61375 -27.0 1275125 920.625 0
02 2.33779 -22.5 1276371 920.625 0
01 1.59534 -27.0 1276373 920.625 0
01 1.69351 -27.0 1277622 920.625 0
02 2.11689 -23.0 1277623 920.625 0
02 2.27029 -23.0 1278872 920.625 0
01 1.80396 -27.0 1278874 920.625 0
01 1.46649 -26.0 1330501 920.625 0
02 2.25188 -22.5 1330502 920.625 0
01 1.20878 -26.5 1331754 920.625 0
02 2.08621 -23.0 1331765 920.625 0
01 1.50944 -27.0 1333016 920.625 0
02 2.32551 -22.0 1333022 920.625 0
02 2.21507 -23.5 1334271 920.625 0
01 1.38672 -27.0 1334277 920.625 0
02 2.39301 -22.0 1335529 920.625 0
01 1.59534 -27.0 1335540 920.625 0
01 1.52171 -27.0 1336786 920.625 0
02 2.34392 -22.0 1336806 920.625 0
01 2.00031 -26.5 1338039 920.625 0
02 2.50959 -22.0 1338055 920.625 0
01 1.65670 -27.0 1339290 920.625 0
02 2.31324 -22.0 1339306 920.625 0
02 2.17825 -22.5 1390970 920.625 0
01 1.68738 -26.5 1390972 920.625 0
01 1.44194 -26.5 1392229 920.625 0
02 2.23348 -23.5 1392245 920.625 0
01 1.54625 -26.5 1393505 920.625 0
02 2.33779 -21.5 1393520 920.625 0
01 1.49103 -26.5 1394755 920.625 0
02 2.24575 -22.0 1394776 920.625 0
01 1.90214 -26.5 1396024 920.625 0
02 2.24575 -23.0 1396035 920.625 0
02 2.19052 -23.0 1397291 920.625 0
01 1.73647 -27.0 1397297 920.625 0
01 1.55239 -27.0 1398571 920.625 0
02 2.33779 -22.0 1398578 920.625 0
02 2.30097 -22.0 1399827 920.625 0
01 1.50330 -26.5 1399842 920.625 0
02 2.35006 -22.0 1451440 920.625 0
01 1.62602 -26.5 1451441 920.625 0
02 2.17212 -22.5 1452710 920.625 0
01 1.56466 -27.0 1452718 920.625 0
01 1.66897 -27.0 1453986 920.625 0
02 2.22120 -22.5 1453992 920.625 0
01 1.04311 -27.0 1455247 920.625 0
02 2.32551 -22.0 1455276 920.625 0
01 1.84078 -26.5 1456507 920.625 0
02 2.29484 -22.0 1456560 920.625 0
01 1.74260 -27.0 1457752 920.625 0
02 2.15371 -22.5 1457834 920.625 0
01 1.45421 -27.0 1459043 920.625 0
02 2.09235 -22.5 1459106 920.625 0
01 1.43581 -26.5 1460327 920.625 0
02 2.28870 -23.0 1460375 920.625 0
02 2.29484 -22.0 1511960 920.625 0
01 1.39899 -27.0 1511961 920.625 0
02 2.12303 -22.5 1513236 920.625 0
01 1.46035 -27.0 1513252 920.625 0
02 2.27643 -22.0 1514520 920.625 0
01 1.31309 -27.0 1514546 920.625 0
02 2.21507 -22.5 1515798 920.625 0
01 1.51557 -27.0 1515823 920.625 0
02 2.30097 -23.0 1517087 920.625 0
01 1.52171 -27.0 1517117 920.625 0
02 2.15984 -22.5 1518373 920.625 0
01 1.42967 -27.0 1518394 920.625 0
02 2.11076 -23.0 1519656 920.625 0
01 1.25786 -26.0 1519672 920.625 0
02 2.19666 -22.0 1520933 920.625 0
01 1.32536 -27.0 1520945 920.625 0
02 2.14757 -22.5 1572440 920.625 0
01 1.20264 -26.0 1572442 920.625 0
01 1.54012 -27.0 1573710 920.625 0
02 2.27643 -22.0 1573730 920.625 0
01 1.52171 -27.0 1574992 920.625 0
02 2.39915 -22.0 1575017 920.625 0
01 1.55239 -27.0 1576287 920.625 0
02 2.42983 -22.0 1576307 920.625 0
02 2.09849 -23.0 1577602 920.625 0
01 1.23332 -26.0 1578826 920.625 0
02 2.04940 -23.0 1578889 920.625 0
01 1.26400 -26.5 1580103 920.625 0
02 2.00031 -23.5 1580171 920.625 0
01 1.52784 -27.0 1581377 920.625 0
02 2.35619 -22.0 1581445 920.625 0
02 2.22734 -22.0 1632880 920.625 0
01 1.01243 -26.5 1632881 920.625 0
01 1.38058 -27.0 1634178 920.625 0
02 1.96963 -22.5 1634184 920.625 0
01 1.28241 -27.0 1635465 920.625 0
02 2.17212 -22.5 1635481 920.625 0
02 2.11076 -23.0 1636745 920.625 0
01 1.15355 -27.0 1636752 920.625 0
02 2.11689 -23.0 1638034 920.625 0
01 1.14128 -26.5 1638050 920.625 0
02 1.95122 -23.0 1639331 920.625 0
01 1.24559 -26.0 1639343 920.625 0
02 2.11689 -22.5 1640610 920.625 0
01 1.69351 -27.0 1640626 920.625 0
02 2.14757 -22.0 1641903 920.625 0
01 1.59534 -27.0 1641924 920.625 0
02 2.11076 -22.0 1693390 920.625 0
01 1.57080 -26.0 1693391 920.625 0
01 0.92652 -26.0 1694689 920.625 0
02 1.98804 -23.0 1694695 920.625 0
01 1.27627 -27.0 1695980 920.625 0
02 2.36233 -22.0 1696000 920.625 0
01 1.39899 -27.5 1697249 920.625 0
02 1.89600 -23.0 1697302 920.625 0
01 1.80396 -27.5 1698551 920.625 0
02 2.22734 -22.0 1698586 920.625 0
01 1.16583 -27.0 1699835 920.625 0
02 2.07394 -22.5 1699898 920.625 0
01 1.69965 -27.5 1701148 920.625 0
02 1.99418 -23.5 1701197 920.625 0
01 1.80396 -26.5 1702476 920.625 0
02 1.77328 -23.5 1702496 920.625 0
02 2.11076 -22.5 1753830 920.625 0
01 1.62602 -26.0 1753832 920.625 0
01 0.77313 -26.5 1755138 920.625 0
02 1.85918 -23.0 1755149 920.625 0
01 1.48489 -27.0 1756448 920.625 0
02 2.28256 -22.0 1756464 920.625 0
01 1.50330 -27.5 1757757 920.625 0
02 2.33779 -22.0 1757763 920.625 0
01 1.36217 -27.5 1759060 920.625 0
02 1.97577 -23.5 1759075 920.625 0
01 1.38672 -27.5 1760358 920.625 0
02 1.88373 -23.5 1760378 920.625 0
01 0.90198 -26.5 1761678 920.625 0
02 2.16598 -23.0 1761703 920.625 0
01 1.39285 -27.0 1762985 920.625 0
02 2.06167 -22.0 1763006 920.625 0
02 2.07394 -22.0 1814310 920.625 0
01 1.71806 -27.0 1814311 920.625 0
02 1.87146 -23.0 1815635 920.625 0
01 1.35604 -27.0 1815639 920.625 0
02 2.12303 -22.5 1816945 920.625 0
01 1.85305 -27.0 1816961 920.625 0
02 2.28256 -22.0 1818261 920.625 0
01 1.11060 -28.0 1818277 920.625 0
02 2.10462 -22.0 1819574 920.625 0
01 1.40513 -26.5 1819587 920.625 0
01 1.72419 -27.0 1820878 920.625 0
02 2.01258 -23.0 1820889 920.625 0
01 1.63829 -27.0 1822184 920.625 0
02 2.13530 -22.0 1822200 920.625 0
01 1.68124 -26.5 1823492 920.625 0
02 1.96963 -23.0 1823521 920.625 0
02 2.12303 -22.0 1874770 920.625 0
01 1.28854 -26.5 1874772 920.625 0
01 1.66897 -27.0 1876088 920.625 0
02 1.99418 -23.0 1876099 920.625 0
01 1.42353 -26.0 1877409 920.625 0
02 2.01258 -22.0 1877420 920.625 0
02 2.02485 -23.5 1878729 920.625 0
01 1.46649 -27.0 1878743 920.625 0
02 1.97577 -22.5 1880049 920.625 0
01 1.34990 -27.0 1880056 920.625 0
02 1.84691 -23.0 1881368 920.625 0
01 1.23946 -27.0 1882682 920.625 0
02 2.54641 -22.0 1882693 920.625 0
01 1.47262 -27.5 1883994 920.625 0
02 2.21507 -22.5 1884009 920.625 0
02 2.09849 -21.5 1935290 920.625 0
01 1.47262 -26.0 1935301 920.625 0
01 1.42353 -27.5 1936622 920.625 0
02 1.90214 -23.0 1936628 920.625 0
01 1.68124 -27.0 1937949 920.625 0
02 1.93895 -22.5 1937960 920.625 0
01 1.54012 -26.5 1939263 920.625 0
02 1.92054 -23.0 1939279 920.625 0
01 1.17810 -27.5 1940560 920.625 0
02 2.15984 -22.5 1940594 920.625 0
01 1.31922 -26.0 1941871 920.625 0
02 2.17212 -23.5 1941905 920.625 0
01 1.67511 -27.5 1943202 920.625 0
02 2.30097 -23.0 1943236 920.625 0
01 1.81010 -27.5 1944517 920.625 0
02 1.95736 -23.0 1944556 920.625 0
02 2.25188 -22.0 1995809 920.625 0
01 1.09219 -26.5 1995816 920.625 0
01 1.11674 -27.0 1997136 920.625 0
02 1.71806 -23.0 1997152 920.625 0
01 1.41740 -26.5 1998476 920.625 0
02 1.97577 -23.0 1998482 920.625 0
01 1.66284 -27.0 1999787 920.625 0
02 1.95122 -22.5 1999817 920.625 0
01 1.10447 -26.5 2001107 920.625 0
02 1.99418 -23.0 2001151 920.625 0
01 1.18423 -27.0 2002456 920.625 0
02 1.77328 -23.5 2002467 920.625 0
01 1.74260 -27.0 2003757 920.625 0
02 1.85305 -23.0 2003801 920.625 0
01 0.84676 -26.0 2005095 920.625 0
02 1.95736 -22.0 2005129 920.625 0
02 2.01872 -22.0 2056289 920.625 0
01 1.11674 -25.5 2056309 920.625 0
02 1.74874 -23.0 2057630 920.625 0
01 1.31309 -26.5 2057651 920.625 0
01 1.21491 -27.5 2058950 920.625 0
02 1.94509 -22.5 2058966 920.625 0
01 1.38672 -27.5 2060272 920.625 0
02 2.11076 -22.0 2060302 920.625 0
01 1.55239 -27.5 2061614 920.625 0
02 1.96963 -22.0 2061634 920.625 0
01 1.53398 -27.5 2062929 920.625 0
02 2.25188 -22.0 2062964 920.625 0
01 1.54625 -27.5 2064273 920.625 0
02 1.84078 -23.0 2064298 920.625 0
02 1.91441 -22.5 2065615 920.625 0
01 1.09219 -26.5 2065640 920.625 0
02 2.19052 -22.0 2116790 920.625 0
01 1.28241 -26.5 2116793 920.625 0
02 1.74260 -23.5 2118137 920.625 0
01 1.31309 -26.0 2118160 920.625 0
02 2.25802 -22.0 2119480 920.625 0
01 1.38058 -27.0 2119495 920.625 0
02 2.00031 -23.0 2120826 920.625 0
01 1.24559 -26.5 2120834 920.625 0
02 1.99418 -23.5 2122162 920.625 0
01 1.50330 -27.5 2122172 920.625 0
01 1.18423 -27.0 2123498 920.625 0
02 1.98804 -23.5 2123514 920.625 0
01 1.01243 -26.0 2124832 920.625 0
02 1.91441 -23.5 2124848 920.625 0
01 1.22105 -27.0 2126168 920.625 0
02 2.45437 -22.5 2126179 920.625 0
02 1.93895 -23.5 2177329 920.625 0
01 1.54625 -27.0 2177331 920.625 0
02 1.91441 -23.0 2178678 920.625 0
01 1.62602 -27.5 2178689 920.625 0
02 1.87759 -22.5 2180017 920.625 0
01 1.16583 -26.5 2180062 920.625 0
02 1.95736 -23.5 2181367 920.625 0
01 1.28241 -27.5 2181412 920.625 0
02 1.88986 -23.0 2182704 920.625 0
01 0.69336 -25.5 2182753 920.625 0
02 1.94509 -22.5 2184052 920.625 0
01 1.12287 -27.0 2184073 920.625 0
02 2.06167 -22.5 2185387 920.625 0
01 0.82221 -26.0 2185429 920.625 0
02 2.35006 -22.0 2186731 920.625 0
01 1.30695 -28.0 2186779 920.625 0
02 1.88986 -22.5 2237860 920.625 0
01 1.00016 -26.0 2237867 920.625 0
01 1.06765 -27.5 2239209 920.625 0
02 1.95736 -22.0 2239224 920.625 0
01 1.07379 -27.5 2240551 920.625 0
02 2.12917 -22.0 2240567 920.625 0
01 1.12287 -28.0 2241909 920.625 0
02 1.88986 -23.0 2241924 920.625 0
01 1.00016 -28.0 2243242 920.625 0
02 2.11076 -22.5 2243276 920.625 0
01 1.26400 -27.0 2244592 920.625 0
02 1.82851 -23.0 2244626 920.625 0
01 1.09219 -26.0 2245942 920.625 0
02 1.90827 -22.5 2245971 920.625 0
01 1.14128 -27.0 2247310 920.625 0
02 1.86532 -23.0 2247326 920.625 0
02 2.10462 -22.0 2298310 920.625 0
01 0.52769 -25.5 2298312 920.625 0
01 1.13515 -27.0 2299661 920.625 0
02 1.79169 -22.5 2299677 920.625 0
01 1.20878 -27.0 2301019 920.625 0
02 1.86532 -23.5 2301026 920.625 0
01 1.12287 -27.0 2302365 920.625 0
02 2.05553 -22.0 2302385 920.625 0
01 1.12287 -26.5 2303734 920.625 0
02 1.88986 -23.5 2303755 920.625 0
02 1.91441 -23.0 2305100 920.625 0
01 1.19037 -28.0 2305132 920.625 0
02 1.92668 -22.5 2306469 920.625 0
01 1.17810 -27.0 2306476 920.625 0
02 2.20280 -22.0 2307812 920.625 0
01 0.72404 -26.5 2307832 920.625 0
02 2.12917 -22.0 2358800 920.625 0
01 1.22105 -26.5 2358820 920.625 0
02 1.88373 -22.5 2360159 920.625 0
01 1.23332 -28.0 2360212 920.625 0
02 1.56466 -23.0 2361524 920.625 0
01 1.09833 -27.0 2361573 920.625 0
02 2.06167 -22.0 2362895 920.625 0
01 1.11060 -28.0 2363094 920.625 0
02 1.88373 -23.5 2364249 920.625 0
01 1.15355 -26.5 2364539 920.625 0
02 1.85918 -23.0 2365609 920.625 0
01 0.93266 -26.0 2365898 920.625 0
02 1.64443 -23.5 2366972 920.625 0
01 0.84676 -27.5 2367251 920.625 0
02 1.89600 -22.5 2368333 920.625 0
01 1.20878 -26.0 2368624 920.625 0
02 1.77942 -30.0 2402241 920.625 2
02 2.17825 -22.0 2419210 920.625 0
01 0.76085 -27.0 2419227 920.625 0
02 1.86532 -23.5 2420580 920.625 0
01 1.10447 -26.5 2420597 920.625 0
02 1.87146 -23.0 2421951 920.625 0
01 1.05538 -27.5 2421976 920.625 0
02 2.27643 -22.0 2423319 920.625 0
01 1.17196 -27.0 2423435 920.625 0
02 2.13530 -22.0 2424672 920.625 0
01 0.63814 -26.5 2424991 920.625 0
02 1.76101 -22.5 2426033 920.625 0
01 1.08606 -28.5 2426330 920.625 0
02 2.34392 -22.5 2427400 920.625 0
01 0.88357 -25.5 2427759 920.625 0
02 2.02485 -22.5 2428767 920.625 0
01 0.66268 -28.0 2429135 920.625 0
02 2.11689 -28.5 2462230 920.625 2
02 1.94509 -28.5 2465132 920.625 2
02 5.85981 -25.5 2466860 920.625 2
02 2.11689 -27.5 2468493 920.625 2
02 1.74874 -22.5 2479639 920.625 0
01 1.37445 -27.0 2479897 920.625 0
02 1.99418 -22.0 2481030 920.625 0
01 1.27014 -28.0 2481250 920.625 0
02 1.53398 -23.0 2482423 920.625 0
01 0.81608 -27.5 2482789 920.625 0
02 1.45421 -23.5 2483799 920.625 0
01 0.99402 -27.5 2484188 920.625 0
02 1.69351 -23.0 2485173 920.625 0
01 1.23946 -27.0 2485648 920.625 0
02 1.97577 -22.5 2486542 920.625 0
01 1.34990 -27.0 2487056 920.625 0
02 1.41126 -23.0 2487909 920.625 0
02 1.42967 -23.5 2489276 920.625 0
02 1.65056 -28.0 2519994 920.625 2
02 2.23348 -26.5 2521556 920.625 2
02 1.98804 -26.5 2522864 920.625 2
02 2.28870 -26.5 2524233 920.625 2
02 1.92668 -27.0 2525810 920.625 2
02 1.81010 -27.0 2527343 920.625 2
02 1.22718 -28.5 2528732 920.625 2
02 1.68738 -23.0 2540129 920.625 0
01 0.89584 -27.5 2540220 920.625 0
02 1.68124 -22.5 2541520 920.625 0
01 0.75472 -26.0 2541695 920.625 0
02 2.08621 -22.0 2542889 920.625 0
01 0.92652 -27.5 2543239 920.625 0
02 1.73647 -23.5 2544250 920.625 0
02 1.67511 -23.5 2545619 920.625 0
01 1.48489 -27.5 2546227 920.625 0
02 1.54012 -23.5 2546986 920.625 0
02 1.41740 -23.0 2548371 920.625 0
01 1.38058 -27.5 2549223 920.625 0
02 1.55239 -23.0 2549747 920.625 0
02 1.65056 -28.0 2580532 920.625 2
02 2.53414 -26.0 2581833 920.625 2
02 1.76715 -29.0 2583225 920.625 2
02 2.54641 -26.0 2584500 920.625 2
02 1.76715 -28.0 2585781 920.625 2
02 1.68738 -27.5 2587078 920.625 2
02 2.36847 -26.0 2588487 920.625 2
02 1.14742 -27.5 2589778 920.625 2
02 1.88373 -22.5 2600629 920.625 0
01 0.74245 -25.5 2601113 920.625 0
02 1.82237 -22.5 2602009 920.625 0
01 0.66268 -26.0 2602506 920.625 0
02 1.90827 -22.5 2603387 920.625 0
01 0.66268 -27.0 2604135 920.625 0
02 1.92054 -22.5 2604766 920.625 0
02 2.08008 -22.5 2606151 920.625 0
01 0.79767 -26.5 2606222 920.625 0
02 1.93282 -22.5 2607528 920.625 0
01 0.98175 -26.5 2607660 920.625 0
02 1.90214 -22.5 2608901 920.625 0
01 0.81608 -27.0 2609224 920.625 0
02 1.61988 -23.0 2610280 920.625 0
02 1.78555 -28.0 2640941 920.625 2
02 1.63829 -27.0 2642244 920.625 2
02 2.50959 -26.0 2643623 920.625 2
02 1.44808 -27.5 2644908 920.625 2
02 1.79169 -28.0 2646237 920.625 2
02 1.49103 -28.0 2647533 920.625 2
02 1.80396 -27.0 2648863 920.625 2
02 1.74874 -27.5 2650162 920.625 2
02 1.44194 -23.0 2661100 920.625 0
01 1.34377 -28.0 2661232 920.625 0
02 1.81623 -22.5 2662491 920.625 0
01 1.04311 -28.0 2662748 920.625 0
02 1.57080 -23.0 2663883 920.625 0
01 0.44179 -27.0 2664231 920.625 0
02 1.56466 -23.0 2665255 920.625 0
01 0.85289 -28.0 2665936 920.625 0
02 2.19666 -22.5 2666639 920.625 0
01 1.04311 -26.5 2667707 920.625 0
02 1.98190 -22.5 2668021 920.625 0
01 0.62586 -26.5 2669220 920.625 0
02 2.19666 -22.0 2669400 920.625 0
02 1.79783 -22.0 2670774 920.625 0
02 1.83464 -27.0 2701372 920.625 2
02 1.88986 -27.5 2702710 920.625 2
02 2.17212 -26.5 2704015 920.625 2
02 2.29484 -26.0 2706670 920.625 2
02 2.16598 -26.5 2708048 920.625 2
02 1.73647 -27.0 2709519 920.625 2
02 1.55239 -28.0 2710928 920.625 2
02 1.36217 -23.0 2721499 920.625 0
01 1.06765 -28.5 2722225 920.625 0
02 1.85305 -23.0 2722885 920.625 0
01 1.05538 -27.0 2723731 920.625 0
02 1.73647 -23.0 2724260 920.625 0
01 0.53996 -27.0 2725217 920.625 0
02 1.63216 -23.5 2725652 920.625 0
01 0.53996 -26.0 2726905 920.625 0
02 1.52784 -23.5 2727029 920.625 0
02 1.63216 -23.0 2728418 920.625 0
01 1.03697 -27.0 2729107 920.625 0
02 1.87146 -22.5 2729809 920.625 0
02 1.52784 -23.0 2731195 920.625 0
01 1.16583 -27.5 2731230 920.625 0
02 1.54012 -27.0 2761891 920.625 2
02 1.93895 -27.0 2763175 920.625 2
02 1.55852 -28.0 2765764 920.625 2
02 1.85918 -27.5 2767114 920.625 2
02 1.81010 -26.5 2768464 920.625 2
02 1.90214 -27.5 2769745 920.625 2
02 3.81654 -28.0 2771033 920.625 2
02 1.72419 -23.0 2781960 920.625 0
01 0.93266 -28.5 2782096 920.625 0
02 1.76715 -22.5 2783350 920.625 0
02 1.54625 -22.5 2784743 920.625 0
01 0.54610 -27.0 2785224 920.625 0
02 2.14757 -22.5 2786130 920.625 0
01 0.94493 -28.5 2787170 920.625 0
02 1.64443 -23.0 2787510 920.625 0
01 0.04909 -27.0 2788821 920.625 0
02 2.32551 -22.5 2788898 920.625 0
01 0.57064 -27.5 2790232 920.625 0
02 1.55852 -23.0 2790280 920.625 0
02 1.56466 -22.5 2791677 920.625 0
02 1.93282 -27.0 2822297 920.625 2
02 1.39285 -27.5 2823564 920.625 2
02 1.78555 -27.0 2824888 920.625 2
02 1.82851 -27.5 2826171 920.625 2
02 1.84078 -27.0 2827486 920.625 2
02 1.68738 -26.5 2828770 920.625 2
02 1.80396 -27.5 2830045 920.625 2
02 1.59534 -28.5 2831357 920.625 2
02 1.89600 -22.5 2842440 920.625 0
02 1.56466 -23.0 2843840 920.625 0
01 0.82221 -27.5 2844225 920.625 0
02 1.52784 -23.5 2845234 920.625 0
01 0.63200 -28.0 2846214 920.625 0
02 2.00645 -22.5 2846634 920.625 0
02 1.90214 -22.5 2848024 920.625 0
01 1.00629 -27.5 2848234 920.625 0
02 1.97577 -22.5 2849420 920.625 0
01 0.68109 -28.0 2850258 920.625 0
02 1.46649 -22.5 2850806 920.625 0
02 1.76715 -22.5 2852205 920.625 0
01 2.74889 -27.0 2852218 920.625 0
02 2.00645 -27.0 2882821 920.625 2
02 1.96350 -28.0 2884143 920.625 2
02 1.74260 -27.5 2885448 920.625 2
02 1.87146 -27.5 2886737 920.625 2
02 1.87146 -27.0 2888044 920.625 2
02 1.38672 -27.0 2889361 920.625 2
02 1.82237 -26.5 2890676 920.625 2
02 2.16598 -27.0 2891993 920.625 2
02 1.46035 -22.5 2902899 920.625 0
02 1.60148 -23.5 2904299 920.625 0
01 0.41111 -27.0 2905169 920.625 0
02 1.80396 -22.5 2905690 920.625 0
02 1.32536 -23.5 2907084 920.625 0
01 0.71790 -27.0 2907214 920.625 0
02 1.65056 -23.0 2908467 920.625 0
01 0.70563 -28.5 2909231 920.625 0
02 1.78555 -22.5 2909864 920.625 0
01 0.73631 -28.0 2911238 920.625 0
02 1.69965 -23.5 2911263 920.625 0
02 1.69965 -22.5 2912662 920.625 0
01 0.98175 -27.5 2912711 920.625 0
02 1.80396 -28.0 2943232 920.625 2
02 1.81010 -28.0 2944556 920.625 2
02 1.41740 -28.5 2945900 920.625 2
02 1.72419 -27.0 2947208 920.625 2
02 1.79169 -27.0 2948519 920.625 2
02 1.71806 -27.0 2951181 920.625 2
02 1.59534 -27.0 2952525 920.625 2
02 1.71806 -23.0 2963380 920.625 0
01 0.82221 -28.0 2964244 920.625 0
02 1.66897 -22.5 2964773 920.625 0
02 1.96350 -22.5 2966179 920.625 0
01 0.92652 -28.0 2966232 920.625 0
02 2.00645 -22.5 2967583 920.625 0
01 0.89584 -28.5 2968231 920.625 0
02 1.96963 -22.5 2968985 920.625 0
01 0.65654 -27.0 2970224 920.625 0
02 1.66897 -22.5 2970381 920.625 0
02 1.59534 -23.0 2971796 920.625 0
02 1.56466 -23.5 2973188 920.625 0
01 0.87130 -28.0 2973246 920.625 0
02 1.60761 -27.0 3003750 920.625 2
02 2.02485 -26.5 3005054 920.625 2
02 1.24559 -27.0 3006353 920.625 2
02 1.57080 -26.5 3007686 920.625 2
02 1.96350 -27.0 3008994 920.625 2
02 1.64443 -27.5 3010397 920.625 2
02 2.37460 -26.5 3011720 920.625 2
02 1.46649 -27.0 3013012 920.625 2
02 1.96350 -22.5 3023889 920.625 0
01 0.98175 -27.5 3024258 920.625 0
02 1.85305 -22.0 3025306 920.625 0
01 0.50928 -27.0 3026247 920.625 0
02 1.87146 -22.5 3026714 920.625 0
02 1.60761 -23.0 3028131 920.625 0
01 0.52769 -27.5 3028230 920.625 0
02 1.77328 -22.5 3029536 920.625 0
02 1.72419 -23.5 3030938 920.625 0
01 0.87130 -28.0 3032226 920.625 0
02 1.63829 -23.0 3032332 920.625 0
02 1.74874 -22.5 3033744 920.625 0
02 1.72419 -27.0 3064324 920.625 2
02 1.70579 -27.0 3065654 920.625 2
02 1.50944 -27.5 3066970 920.625 2
02 1.68124 -27.0 3068249 920.625 2
02 1.64443 -27.0 3069548 920.625 2
02 1.81010 -27.0 3070859 920.625 2
02 1.91441 -26.5 3073498 920.625 2
02 1.58307 -23.0 3084560 920.625 0
01 0.71790 -28.0 3085237 920.625 0
02 1.66284 -23.0 3085973 920.625 0
02 2.05553 -22.0 3087405 920.625 0
02 1.71192 -22.5 3088810 920.625 0
01 0.67495 -28.0 3089258 920.625 0
02 1.62602 -23.5 3090210 920.625 0
01 1.02470 -29.0 3091251 920.625 0
02 1.69965 -23.0 3091606 920.625 0
02 1.56466 -22.5 3093021 920.625 0
01 0.56450 -28.0 3093240 920.625 0
02 1.92668 -22.5 3094432 920.625 0
02 1.71806 -27.5 3124916 920.625 2
02 1.58920 -28.0 3126257 920.625 2
02 1.87759 -27.0 3127564 920.625 2
02 1.60761 -26.5 3128895 920.625 2
02 1.67511 -28.5 3130221 920.625 2
02 1.64443 -27.0 3131521 920.625 2
02 2.11076 -26.5 3132893 920.625 2
02 1.60148 -28.0 3134220 920.625 2
02 1.70579 -22.0 3145030 920.625 0
02 1.75487 -22.5 3146447 920.625 0
01 0.70563 -28.0 3147223 920.625 0
02 1.54012 -23.0 3147854 920.625 0
02 1.41126 -24.0 3149257 920.625 0
01 0.61359 -27.0 3150223 920.625 0
02 1.80396 -22.5 3150666 920.625 0
02 1.67511 -23.0 3152079 920.625 0
01 0.92652 -27.0 3152231 920.625 0
02 1.65056 -23.0 3153489 920.625 0
02 1.68738 -23.0 3154890 920.625 0
02 1.71192 -27.5 3185364 920.625 2
02 2.08621 -26.5 3186681 920.625 2
02 3.50361 -27.5 3188067 920.625 2
02 1.76101 -27.5 3190727 920.625 2
02 1.55852 -27.5 3192056 920.625 2
02 1.56466 -27.0 3193377 920.625 2
02 2.18439 -27.0 3194678 920.625 2
02 1.41740 -22.5 3205560 920.625 0
02 1.71192 -23.0 3206973 920.625 0
01 0.79767 -28.5 3207213 920.625 0
02 1.26400 -22.5 3208388 920.625 0
02 1.57693 -23.0 3209795 920.625 0
01 0.22703 -27.5 3210223 920.625 0
02 1.36831 -22.5 3211204 920.625 0
01 0.69336 -28.0 3212219 920.625 0
02 1.96350 -23.0 3212613 920.625 0
02 1.55239 -23.0 3214031 920.625 0
02 2.00031 -22.5 3215432 920.625 0
02 1.54625 -29.0 3247228 920.625 2
02 2.24575 -26.5 3248611 920.625 2
02 1.73033 -28.0 3249942 920.625 2
02 1.52171 -27.5 3254106 920.625 2
02 1.98190 -26.5 3255501 920.625 2
02 1.33763 -23.0 3266090 920.625 0
02 1.55239 -22.5 3267494 920.625 0
02 1.48489 -23.0 3268906 920.625 0
02 1.77328 -23.0 3270321 920.625 0
02 1.59534 -23.5 3271731 920.625 0
02 1.63216 -22.5 3273151 920.625 0
01 1.00629 -28.5 3273220 920.625 0
02 1.62602 -22.5 3274571 920.625 0
02 1.61375 -23.5 3275979 920.625 0
02 1.49103 -27.5 3306608 920.625 2
02 1.47876 -28.0 3308050 920.625 2
02 1.47262 -27.5 3309468 920.625 2
02 1.64443 -28.0 3310849 920.625 2
02 1.69351 -28.0 3314989 920.625 2
02 1.46035 -23.0 3326660 920.625 0
02 1.63829 -22.5 3328081 920.625 0
01 0.76699 -28.0 3328228 920.625 0
02 1.17810 -23.0 3329510 920.625 0
02 1.70579 -23.0 3330929 920.625 0
01 1.09833 -28.0 3331254 920.625 0
02 1.81623 -23.0 3332338 920.625 0
02 1.84078 -22.5 3333761 920.625 0
01 0.79153 -26.5 3334209 920.625 0
02 1.77942 -22.5 3335167 920.625 0
01 0.08590 -27.0 3336219 920.625 0
02 1.52784 -23.0 3336583 920.625 0
02 1.66284 -27.5 3367116 920.625 2
02 1.45421 -27.0 3368509 920.625 2
02 1.19037 -28.0 3371169 920.625 2
02 1.52784 -27.0 3372531 920.625 2
02 5.93344 -26.5 3373849 920.625 2
02 1.27627 -28.0 3375182 920.625 2
02 1.54012 -22.5 3387280 920.625 0
02 1.27627 -23.0 3388707 920.625 0
02 1.82851 -22.5 3390131 920.625 0
01 0.63814 -28.5 3390223 920.625 0
02 1.70579 -22.5 3391552 920.625 0
01 0.82221 -28.5 3392259 920.625 0
02 1.44808 -22.5 3392968 920.625 0
01 0.81608 -29.0 3394229 920.625 0
02 1.54012 -23.0 3394376 920.625 0
02 1.41740 -23.0 3395803 920.625 0
01 0.56450 -29.5 3396257 920.625 0
02 1.92054 -22.5 3397208 920.625 0
02 1.67511 -27.5 3427671 920.625 2
02 1.46035 -27.5 3429108 920.625 2
02 1.74260 -28.0 3430431 920.625 2
02 2.09235 -27.0 3433144 920.625 2
02 1.52171 -27.5 3436050 920.625 2
02 1.67511 -28.0 3437527 920.625 2
02 1.87759 -22.5 3447800 920.625 0
01 0.17794 -27.5 3448249 920.625 0
02 1.83464 -22.5 3449225 920.625 0
01 0.79767 -27.5 3450237 920.625 0
02 1.27627 -23.0 3450653 920.625 0
02 1.77942 -23.0 3452072 920.625 0
01 0.87744 -27.5 3453225 920.625 0
02 1.47262 -23.0 3453485 920.625 0
02 1.69965 -23.0 3454912 920.625 0
01 0.77926 -28.0 3455236 920.625 0
02 1.84078 -22.5 3456334 920.625 0
01 1.07992 -29.0 3457248 920.625 0
02 1.89600 -22.5 3457768 920.625 0
02 1.46035 -28.5 3489546 920.625 2
02 1.44194 -28.0 3490866 920.625 2
02 1.69965 -28.5 3492300 920.625 2
02 1.64443 -28.0 3493696 920.625 2
02 1.94509 -27.0 3495015 920.625 2
02 1.63216 -28.0 3496475 920.625 2
02 1.58307 -28.0 3497860 920.625 2
02 1.47876 -23.5 3508240 920.625 0
01 0.39884 -27.5 3509208 920.625 0
02 1.48489 -23.0 3509666 920.625 0
02 1.57080 -23.0 3511100 920.625 0
01 1.10447 -29.0 3511246 920.625 0
02 1.57080 -22.5 3512533 920.625 0
02 1.49103 -23.0 3513961 920.625 0
01 0.96948 -29.5 3514235 920.625 0
02 1.50330 -23.0 3515380 920.625 0
01 0.86517 -28.5 3516247 920.625 0
02 1.42967 -23.0 3516794 920.625 0
02 1.33763 -23.0 3518214 920.625 0
02 2.01872 -26.5 3548740 920.625 2
02 1.93282 -27.5 3551405 920.625 2
02 1.84691 -28.0 3552952 920.625 2
02 1.60761 -27.5 3555675 920.625 2
02 1.57080 -27.0 3556995 920.625 2
02 1.46035 -28.0 3558422 920.625 2
02 1.64443 -22.5 3568730 920.625 0
02 1.56466 -22.5 3570157 920.625 0
02 1.54625 -22.5 3571591 920.625 0
02 1.34990 -23.5 3573020 920.625 0
01 0.79767 -28.0 3573212 920.625 0
02 1.77942 -23.0 3574451 920.625 0
01 0.67495 -27.5 3575239 920.625 0
02 1.60148 -22.5 3575862 920.625 0
01 0.46633 -28.0 3577231 920.625 0
02 1.21491 -23.0 3577285 920.625 0
02 1.92054 -23.0 3578709 920.625 0
02 1.52784 -27.0 3609020 920.625 2
02 1.73647 -28.0 3610377 920.625 2
02 1.39285 -28.0 3611800 920.625 2
02 1.64443 -27.5 3613240 920.625 2
02 1.66897 -28.0 3614645 920.625 2
02 1.89600 -26.0 3617796 920.625 2
02 1.39285 -23.0 3629139 920.625 0
01 0.96334 -28.5 3629205 920.625 0
02 1.51557 -23.0 3630585 920.625 0
01 0.45406 -28.0 3631255 920.625 0
02 1.47262 -23.5 3632025 920.625 0
01 0.85289 -28.5 3633226 920.625 0
02 1.33150 -23.5 3633449 920.625 0
02 1.64443 -22.5 3634888 920.625 0
02 1.66284 -23.0 3636320 920.625 0
01 0.79153 -29.0 3637214 920.625 0
02 1.85918 -23.0 3637753 920.625 0
02 1.50944 -27.0 3669474 920.625 2
02 1.38672 -27.0 3670861 920.625 2
02 1.77328 -27.0 3672381 920.625 2
02 1.52171 -28.0 3673720 920.625 2
02 1.50330 -27.0 3675076 920.625 2
02 1.55852 -27.5 3676513 920.625 2
02 2.02485 -27.0 3677885 920.625 2
02 1.41126 -29.0 3679251 920.625 2
02 1.34377 -22.5 3689559 920.625 0
01 0.58291 -28.0 3690210 920.625 0
02 1.57080 -23.0 3691013 920.625 0
01 0.68722 -28.5 3692240 920.625 0
02 1.44194 -23.0 3692440 920.625 0
02 1.73033 -23.0 3693860 920.625 0
01 0.68722 -28.5 3695228 920.625 0
02 1.40513 -23.0 3695295 920.625 0
02 1.54012 -23.0 3696729 920.625 0
02 1.73647 -22.5 3698166 920.625 0
01 1.11674 -28.0 3699211 920.625 0
02 1.56466 -28.0 3731333 920.625 2
02 1.79783 -27.5 3732684 920.625 2
02 1.92668 -28.0 3734046 920.625 2
02 1.62602 -28.0 3735366 920.625 2
02 1.85918 -26.5 3736821 920.625 2
02 1.39285 -27.5 3738224 920.625 2
02 1.55239 -27.5 3739609 920.625 2
02 1.79783 -22.5 3750030 920.625 0
01 0.31907 -29.0 3751220 920.625 0
02 1.56466 -23.0 3751472 920.625 0
02 1.52784 -23.5 3752919 920.625 0
02 1.76101 -23.0 3754357 920.625 0
02 1.42353 -23.5 3755786 920.625 0
01 0.78540 -29.0 3756212 920.625 0
02 1.57080 -23.5 3757216 920.625 0
02 1.24559 -23.0 3758652 920.625 0
02 1.57080 -28.0 3790431 920.625 2
02 1.47876 -27.5 3791767 920.625 2
02 1.56466 -28.0 3793316 920.625 2
02 1.77942 -27.0 3794674 920.625 2
02 1.50330 -28.0 3796145 920.625 2
02 1.57693 -28.5 3799189 920.625 2
02 1.35604 -23.0 3810529 920.625 0
02 2.03713 -22.5 3811975 920.625 0
02 1.88986 -22.5 3813398 920.625 0
02 1.45421 -23.0 3814831 920.625 0
02 1.74260 -23.0 3816290 920.625 0
01 0.53383 -28.5 3817252 920.625 0
02 1.71806 -23.0 3817711 920.625 0
02 1.49103 -23.0 3819152 920.625 0
01 0.63814 -28.5 3820251 920.625 0
02 1.69351 -26.5 3850941 920.625 2
02 1.73033 -27.0 3852264 920.625 2
02 1.41740 -27.5 3857891 920.625 2
02 1.22105 -28.0 3860610 920.625 2
02 1.84691 -23.0 3871117 920.625 0
02 1.50330 -23.0 3872563 920.625 0
01 0.58291 -29.0 3873255 920.625 0
02 1.76715 -22.5 3874001 920.625 0
02 1.40513 -23.5 3875450 920.625 0
02 1.43581 -23.0 3876912 920.625 0
02 1.40513 -23.5 3878365 920.625 0
02 1.63216 -23.5 3879807 920.625 0
02 1.66284 -27.5 3911534 920.625 2
02 1.47876 -29.0 3913205 920.625 2
02 1.39285 -27.5 3914860 920.625 2
02 1.46649 -27.5 3916226 920.625 2
02 1.44194 -27.0 3917627 920.625 2
02 1.55852 -28.0 3918955 920.625 2
02 1.43581 -23.5 3931560 920.625 0
02 1.54625 -23.0 3933018 920.625 0
01 0.85903 -29.0 3933207 920.625 0
02 1.34990 -23.5 3934459 920.625 0
02 1.44808 -23.0 3935903 920.625 0
01 0.53996 -28.5 3936247 920.625 0
02 1.30695 -23.0 3937359 920.625 0
02 1.36217 -23.0 3938794 920.625 0
01 0.54610 -28.5 3939220 920.625 0
02 1.58920 -23.0 3940228 920.625 0
02 1.49103 -27.5 3971864 920.625 2
02 1.45421 -29.0 3973224 920.625 2
02 1.57080 -28.0 3974764 920.625 2
02 1.45421 -27.5 3976169 920.625 2
02 1.58307 -28.5 3977527 920.625 2
02 1.77942 -27.5 3978934 920.625 2
02 1.42353 -27.0 3980292 920.625 2
02 1.52171 -27.5 3981659 920.625 2
02 1.50330 -22.5 3991960 920.625 0
02 1.44808 -23.5 3993416 920.625 0
02 1.48489 -23.5 3994875 920.625 0
01 0.84062 -29.5 3995229 920.625 0
02 1.59534 -23.5 3996314 920.625 0
02 1.42967 -23.5 3997761 920.625 0
01 1.10447 -29.5 3998227 920.625 0
02 1.13515 -24.0 3999203 920.625 0
02 1.20878 -23.5 4000647 920.625 0
02 1.42967 -27.5 4032417 920.625 2
02 1.37445 -27.5 4033844 920.625 2
02 1.58307 -28.0 4035169 920.625 2
02 1.28241 -27.5 4036691 920.625 2
02 1.28854 -27.5 4038111 920.625 2
02 1.62602 -28.5 4039547 920.625 2
02 1.47262 -27.5 4040889 920.625 2
